80
23
443
21
22
25
3389
110
445
139
143
53
135
3306
8080
1723
111
995
993
5900
1025
587
8888
199
1720
465
548
113
81
6001
10000
514
5060
179
1026
2000
8443
8000
32768
554
26
1433
49152
2001
515
8008
49154
1027
5666
646
5000
5631
631
49153
8081
2049
88
79
5800
106
2121
1110
49155
6000
513
990
5357
427
49156
543
544
5101
144
7
389
8009
3128
444
9999
5009
7070
5190
3000
5432
1900
3986
13
1029
9
5051
6646
49157
1028
873
1755
2717
4899
9100
119
37
1000
3001
5001
82
10010
1030
9090
2107
1024
2103
6004
1801
5050
19
8031
1041
255
1048
1049
1053
1054
1056
1064
1065
2967
3703
17
808
3689
1031
1044
1071
5901
100
9102
1039
2869
4001
5120
8010
9000
2105
636
1038
2601
1
7000
1066
1069
625
311
280
254
4000
1761
5003
2002
1998
2005
1032
1050
6112
3690
1521
2161
1080
6002
2401
902
4045
787
7937
1058
2383
32771
1033
1040
1059
50000
5555
10001
1494
3
593
2301
3268
7938
1022
1234
1035
1036
1037
1074
8002
9001
464
497
1935
2003
6666
6543
24
1352
3269
1111
407
500
20
2006
1034
1218
3260
15000
4444
264
33
2004
1042
42510
999
3052
1023
222
1068
888
7100
563
1717
992
2008
32770
7001
32772
2007
8082
5550
512
1043
2009
5801
1700
2701
7019
50001
4662
2065
42
2010
161
2602
3333
9535
5100
2604
4002
5002
1047
1051
1052
1055
1060
1062
1311
2702
3283
4443
5225
5226
6059
6789
8089
8192
8193
8194
8651
8652
8701
9415
9593
9594
9595
16992
16993
20828
23502
32769
33354
35500
52869
55555
55600
64623
64680
65000
65389
1067
13782
366
5902
9050
85
1002
5500
1863
1864
5431
8085
10243
45100
49999
51103
49
90
6667
1503
6881
27000
340
1500
8021
2222
5566
8088
8899
9071
1501
5102
6005
9101
9876
32773
32774
163
5679
146
648
1666
901
83
3476
5004
5214
8001
8083
8084
9207
14238
30
912
12345
2030
2605
6
541
4
1248
3005
8007
306
880
2500
1086
1088
1097
2525
4242
8291
9009
52822
900
6101
2809
7200
211
800
987
1083
12000
32775
705
711
20005
6969
13783
1045
1046
1057
1061
1063
1070
1072
1073
1075
1077
1078
1079
1081
1082
1085
1093
1094
1096
1098
1099
1100
1104
1106
1107
1108
1148
1169
1272
1310
1687
1718
1783
1840
1947
2100
2119
2135
2144
2160
2190
2260
2381
2399
2492
2607
2718
2811
2875
3017
3031
3071
3211
3300
3301
3323
3325
3351
3367
3404
3551
3580
3659
3766
3784
3801
3827
3998
4003
4126
4129
4449
5030
5222
5269
5414
5633
5718
5810
5825
5877
5910
5911
5925
5959
5960
5961
5962
5987
5988
5989
6123
6129
6156
6389
6580
6788
6901
7106
7625
7627
7741
7777
7778
7911
8086
8087
8181
8222
8333
8400
8402
8600
8649
8873
8994
9002
9010
9011
9080
9220
9290
9485
9500
9502
9503
9618
9900
9968
10002
10012
10024
10025
10566
10616
10617
10621
10626
10628
10629
11110
11967
13456
14000
14442
15002
15003
15660
16001
16016
16018
17988
19101
19801
19842
20000
20031
20221
20222
21571
22939
24800
25734
27715
28201
30000
30718
31038
32781
32782
33899
34571
34572
34573
40193
48080
49158
49159
49160
50003
50006
50800
57294
58080
60020
63331
65129
89
691
212
1001
1999
2020
32776
2998
6003
7002
50002
32
898
2033
3372
5510
99
425
749
5903
43
458
5405
6106
6502
7007
13722
1087
1089
1124
1152
1183
1186
1247
1296
1334
1580
1782
2126
2179
2191
2251
2522
3011
3030
3077
3261
3369
3370
3371
3493
3546
3737
3828
3851
3871
3880
3918
3995
4006
4111
4446
5054
5200
5280
5298
5822
5859
5904
5915
5922
5963
7103
7402
7435
7443
7512
8011
8090
8100
8180
8254
8500
8654
9091
9110
9666
9877
9943
9944
9998
10004
10778
15742
16012
18988
19283
19315
19780
24444
27352
27353
27355
32784
49163
49165
49175
50389
50636
51493
55055
56738
61532
61900
62078
1021
9040
32777
32779
616
666
700
2021
32778
84
545
1112
1524
2040
4321
5802
38292
49400
1084
1600
2048
2111
3006
32780
2638
6547
6699
9111
16080
555
667
720
801
1443
1533
2034
2106
5560
6007
1090
1091
1114
1117
1119
1122
1131
1138
1151
1175
1199
1201
1271
1862
2323
2393
2394
2608
2725
2909
3003
3168
3221
3322
3324
3390
3517
3527
3800
3809
3814
3826
3869
3878
3889
3905
3914
3920
3945
3971
4004
4005
4279
4445
4550
4567
4848
4900
5033
5061
5080
5087
5221
5440
5544
5678
5730
5811
5815
5850
5862
5906
5907
5950
5952
6025
6100
6510
6565
6566
6567
6689
6692
6779
6792
6839
7025
7496
7676
7800
7920
7921
7999
8022
8042
8045
8093
8099
8200
8290
8292
8300
8383
8800
9003
9081
9099
9200
9418
9575
9878
9898
9917
10003
10009
10180
10215
11111
12174
12265
14441
15004
16000
16113
17877
18040
18101
19350
25735
26214
27356
30951
32783
32785
40911
41511
44176
44501
49161
49167
49176
50300
50500
52673
52848
54045
54328
55056
56737
57797
60443
70
417
617
714
722
777
981
1009
2022
4224
4998
6346
301
524
668
765
1076
2041
5999
10082
259
416
1007
1417
1434
1984
2038
2068
4343
6009
7004
44443
109
687
726
911
1010
1461
2035
2046
4125
6006
7201
9103
125
481
683
903
1011
1455
2013
2043
2047
6668
6669
256
406
783
843
2042
2045
5998
9929
31337
44442
1092
1095
1102
1105
1113
1121
1123
1126
1130
1132
1137
1141
1145
1147
1149
1154
1163
1164
1165
1166
1174
1185
1187
1192
1198
1213
1216
1217
1233
1236
1244
1259
1277
1287
1300
1301
1309
1322
1328
1556
1583
1594
1641
1658
1688
1719
1721
1805
1812
1839
1875
1914
1971
1972
1974
2099
2170
2196
2200
2288
2366
2382
2557
2710
2800
2910
2920
2968
3007
3013
3050
3119
3162
3304
3307
3376
3400
3410
3514
3684
3697
3700
3731
3792
3808
3820
3824
3846
3848
3849
3852
3853
3859
3863
3870
3872
3888
3907
3916
3929
3931
3941
3944
3957
3963
3968
3969
3972
3981
3990
3993
3994
4009
4040
4080
4096
4143
4147
4164
4200
4252
4430
4555
4600
4658
4875
4949
5040
5063
5074
5081
5151
5212
5223
5242
5279
5339
5353
5501
5807
5812
5818
5823
5868
5869
5899
5905
5909
5914
5918
5938
5940
5968
5981
6051
6060
6068
6203
6247
6481
6500
6504
6520
6550
6600
6711
6732
6896
7024
7050
7051
7080
7123
7241
7272
7278
7281
7438
7725
7744
7749
7770
7878
7900
7913
7929
8015
8016
8019
8050
8095
8097
8098
8189
8293
8294
8385
8481
8540
8648
8675
8676
8686
8765
8766
8877
8889
8987
8996
9098
9191
9197
9198
9409
9443
9444
9501
9600
9621
9643
9673
9815
9914
9941
9988
10008
10011
10022
10023
10034
10058
10160
10873
12006
12021
12059
12215
12262
12380
12452
13724
15001
15402
16705
16800
16851
17595
18018
18264
19900
20002
21792
22222
23052
23796
26000
26470
27357
28211
29672
29831
30005
30704
31727
32791
32792
32803
32816
32822
32835
33453
33554
35513
37839
38185
38188
39136
39376
39659
40000
40811
41064
41523
44709
46200
46996
47544
49164
49168
49171
49186
49195
49236
49401
50050
51191
51413
52660
52710
52735
52847
52849
52850
52851
52853
53211
53313
53314
53535
55020
55576
57665
58001
58002
58630
58632
58838
59110
59200
59201
59202
60123
60146
60642
61613
65310
502
623
639
701
710
725
780
803
913
930
1103
1109
1220
1347
2012
2232
2241
2501
4559
5680
6222
10005
27
86
102
123
250
419
441
442
447
475
540
856
874
931
953
1158
1222
1270
2044
5010
8118
9992
18000
55
57
87
210
223
251
556
709
713
829
980
1008
1013
1212
1550
2433
2628
3025
3299
5520
5803
6008
6103
7003
9152
10083
77
127
157
220
333
523
557
610
657
674
684
732
748
792
825
840
904
943
1006
1020
1241
1350
1351
1516
1526
1547
2011
2067
4333
7010
225
257
600
602
655
659
660
729
730
731
757
778
782
786
790
795
822
823
839
846
862
905
969
971
996
998
1012
1014
1015
1353
1357
1522
2025
2201
2903
3399
3456
3632
6050
6662
59
98
252
388
411
606
621
641
669
690
715
728
740
754
758
802
805
806
859
864
878
918
921
922
924
928
1004
1005
1127
1337
1413
1414
1525
2112
2600
3999
5011
6017
6670
12346
38037
44334
1101
1116
1118
1125
1128
1134
1135
1136
1143
1144
1150
1153
1156
1157
1159
1162
1167
1168
1173
1176
1179
1180
1182
1184
1188
1190
1191
1194
1195
1196
1200
1204
1207
1208
1209
1210
1211
1215
1221
1223
1228
1229
1239
1240
1243
1249
1250
1251
1261
1262
1264
1268
1276
1279
1282
1290
1291
1297
1299
1302
1303
1305
1306
1307
1308
1314
1315
1316
1317
1318
1319
1321
1324
1327
1330
1331
1336
1339
1340
1558
1559
1560
1565
1566
1569
1584
1592
1598
1605
1607
1615
1620
1622
1632
1635
1638
1645
1677
1683
1691
1694
1699
1701
1703
1707
1708
1709
1711
1712
1713
1715
1722
1730
1735
1736
1745
1750
1752
1753
1791
1792
1799
1800
1806
1807
1808
1811
1823
1825
1835
1858
1861
1871
1883
1901
1911
1912
1918
1924
1927
1954
1958
1973
1975
1976
1981
2031
2062
2069
2070
2080
2081
2082
2083
2086
2087
2095
2096
2101
2104
2115
2124
2134
2142
2148
2150
2187
2197
2203
2224
2250
2253
2261
2262
2265
2269
2270
2271
2280
2291
2292
2300
2302
2304
2312
2313
2325
2326
2330
2335
2340
2371
2372
2375
2376
2391
2418
2425
2435
2436
2438
2439
2449
2456
2463
2472
2505
2531
2532
2550
2551
2558
2567
2580
2583
2584
2598
2606
2622
2623
2631
2644
2691
2700
2706
2711
2712
2723
2728
2734
2804
2806
2812
2847
2850
2882
2888
2889
2898
2901
2902
2908
2930
2957
2958
2973
2984
2987
2988
2991
2997
3002
3014
3023
3057
3062
3063
3080
3089
3102
3103
3118
3121
3146
3167
3190
3200
3210
3220
3240
3263
3280
3281
3291
3310
3311
3319
3334
3362
3363
3365
3368
3374
3388
3396
3414
3415
3419
3425
3430
3439
3443
3479
3483
3485
3486
3497
3503
3505
3506
3511
3513
3515
3519
3520
3526
3530
3532
3577
3586
3599
3600
3602
3603
3621
3622
3636
3637
3652
3653
3656
3658
3663
3669
3670
3672
3680
3681
3683
3712
3728
3742
3749
3765
3787
3788
3790
3793
3795
3796
3798
3799
3803
3806
3810
3811
3812
3813
3817
3823
3825
3830
3831
3837
3839
3842
3847
3850
3856
3860
3868
3876
3879
3882
3890
3897
3899
3901
3902
3904
3906
3908
3909
3911
3913
3915
3919
3922
3923
3928
3930
3935
3936
3937
3940
3943
3946
3948
3949
3952
3956
3961
3962
3964
3967
3975
3979
3980
3982
3983
3989
3991
3992
3996
3997
4007
4010
4016
4020
4022
4024
4025
4029
4035
4036
4039
4056
4058
4065
4087
4090
4100
4101
4112
4113
4118
4119
4120
4121
4135
4141
4158
4161
4174
4190
4192
4206
4220
4234
4243
4262
4294
4297
4298
4300
4302
4325
4328
4342
4355
4356
4357
4358
4369
4374
4375
4376
4384
4388
4401
4407
4414
4415
4418
4433
4442
4447
4454
4464
4471
4476
4516
4517
4530
4534
4545
4558
4570
4599
4601
4602
4606
4609
4644
4649
4665
4687
4689
4700
4712
4713
4745
4760
4767
4770
4771
4778
4793
4800
4819
4859
4860
4876
4877
4881
4903
4912
4931
4999
5005
5012
5013
5014
5015
5016
5017
5020
5021
5023
5052
5053
5055
5066
5070
5088
5090
5095
5096
5098
5111
5114
5121
5122
5125
5133
5137
5147
5152
5201
5202
5219
5233
5234
5235
5250
5252
5259
5261
5291
5347
5370
5377
5423
5433
5441
5442
5444
5457
5458
5473
5475
5502
5552
5553
5554
5557
5580
5581
5611
5612
5620
5621
5622
5665
5667
5672
5711
5721
5722
5723
5732
5734
5737
5804
5806
5808
5814
5817
5820
5821
5824
5826
5827
5831
5834
5836
5838
5839
5840
5845
5848
5849
5852
5853
5854
5858
5860
5871
5874
5875
5878
5881
5887
5888
5908
5912
5917
5920
5921
5923
5924
5926
5927
5931
5934
5936
5939
5945
5948
5949
5953
5954
5958
5966
5969
5971
5974
5975
5985
5986
6010
6015
6021
6030
6052
6055
6062
6063
6065
6067
6077
6085
6090
6091
6113
6115
6120
6126
6161
6250
6251
6259
6273
6274
6309
6310
6323
6324
6349
6350
6379
6412
6503
6535
6579
6606
6619
6628
6644
6647
6650
6709
6710
6725
6734
6780
6877
6888
6897
6920
6922
6942
6956
6972
6973
7033
7043
7067
7068
7071
7072
7092
7099
7101
7102
7104
7119
7121
7184
7218
7231
7300
7320
7325
7345
7400
7451
7456
7500
7501
7553
7555
7600
7628
7637
7654
7685
7688
7771
7772
7780
7788
7789
7813
7830
7852
7853
7854
7895
7975
7998
8003
8005
8006
8014
8018
8023
8025
8029
8037
8052
8060
8064
8092
8110
8116
8133
8144
8201
8202
8232
8245
8248
8255
8268
8273
8282
8295
8308
8339
8401
8403
8409
8445
8451
8452
8453
8454
8455
8470
8471
8472
8474
8477
8479
8484
8515
8530
8531
8539
8562
8601
8621
8640
8644
8655
8658
8673
8680
8736
8752
8756
8772
8790
8798
8801
8843
8865
8878
8879
8880
8882
8883
8887
8898
8900
8925
8954
8980
8999
9004
9005
9013
9020
9021
9022
9037
9044
9061
9065
9084
9125
9128
9130
9131
9133
9160
9161
9170
9183
9202
9210
9211
9287
9300
9333
9343
9351
9364
9400
9454
9464
9478
9493
9513
9527
9583
9592
9613
9616
9619
9620
9628
9648
9654
9661
9665
9667
9674
9679
9680
9683
9694
9700
9745
9777
9812
9814
9823
9825
9826
9830
9844
9875
9901
9908
9909
9910
9911
9912
9915
9919
9950
9971
9975
9979
9990
9995
10006
10007
10018
10019
10020
10035
10042
10045
10064
10093
10101
10115
10238
10245
10246
10255
10280
10338
10347
10357
10387
10414
10443
10494
10500
10509
10529
10535
10550
10551
10552
10553
10554
10555
10556
10565
10567
10601
10602
10699
10754
10842
10852
10878
10900
11000
11001
11003
11007
11019
11026
11031
11032
11033
11089
11100
11180
11200
11224
11250
11288
11296
11401
11552
11697
11735
11813
11862
11863
11940
12001
12002
12005
12009
12019
12031
12034
12077
12080
12090
12096
12097
12121
12132
12137
12146
12156
12171
12192
12225
12240
12243
12251
12271
12275
12296
12340
12414
12699
12702
12766
12865
12891
12892
12955
12962
13017
13093
13130
13132
13140
13142
13149
13167
13188
13192
13193
13194
13229
13250
13261
13264
13265
13306
13318
13340
13359
13502
13580
13695
13723
13730
13766
13784
13846
13899
14001
14147
14218
14237
14254
14418
14443
14444
14534
14545
14693
14733
14827
14891
14916
15005
15050
15145
15190
15191
15275
15317
15344
15448
15550
15631
15645
15646
15670
15677
15722
15730
15758
15915
16048
16161
16270
16273
16283
16286
16297
16349
16372
16464
16723
16724
16725
16797
16845
16900
16901
17016
17017
17070
17089
17129
17251
17255
17409
17413
17500
17700
17701
17702
17715
17801
17802
17860
17867
17969
17985
17997
18012
18015
18080
18148
18231
18333
18336
18337
18380
18439
18505
18517
18569
18669
18874
18887
18910
18962
19010
19130
19200
19201
19333
19353
19403
19464
19501
19612
19634
19715
19852
19995
19996
20001
20011
20017
20021
20032
20039
20052
20076
20080
20085
20089
20102
20106
20111
20118
20125
20127
20147
20179
20180
20223
20224
20225
20226
20227
20228
20280
20473
20734
20883
20934
20940
20990
21011
21078
21201
21473
21631
21634
21728
21891
21915
22022
22063
22100
22125
22128
22177
22200
22223
22290
22341
22350
22555
22563
22711
22719
22727
22769
22882
22959
22969
23017
23040
23219
23228
23270
23296
23342
23382
23430
23451
23723
23887
23953
24218
24392
24416
24552
24554
24616
24999
25000
25001
25174
25260
25262
25288
25327
25445
25473
25486
25565
25703
25717
25847
26001
26007
26340
26417
26669
26972
27015
27016
27017
27018
27019
27055
27074
27075
27087
27204
27316
27350
27351
27372
27521
27537
27770
28017
28114
28142
28374
28567
28717
28850
28851
28924
28967
29045
29152
29243
29507
29810
30001
30087
30195
30299
30519
30599
30644
30659
30705
30896
31033
31058
31072
31339
31386
31438
31522
31657
31728
32006
32022
32031
32088
32102
32200
32219
32260
32261
32764
32765
32767
32788
32789
32790
32797
32798
32799
32807
32814
32815
32820
32837
32842
32858
32868
32869
32871
32888
32897
32898
32904
32905
32908
32910
32911
32932
32944
32960
32961
32976
33000
33011
33017
33070
33087
33124
33175
33192
33200
33203
33277
33327
33335
33337
33367
33395
33444
33522
33523
33550
33604
33605
33841
33879
33882
33889
33895
34021
34036
34096
34189
34317
34341
34381
34401
34507
34510
34683
34728
34765
34783
34833
34875
35033
35050
35116
35131
35217
35272
35349
35392
35393
35401
35506
35553
35593
35731
35879
35900
35901
35906
35929
35986
36046
36104
36105
36256
36275
36368
36436
36508
36530
36552
36659
36677
36694
36710
36748
36823
36824
36914
36950
36962
36983
37121
37151
37174
37185
37218
37393
37522
37607
37614
37647
37674
37777
37789
37855
38029
38194
38205
38224
38270
38313
38331
38358
38446
38481
38546
38561
38570
38761
38764
38780
38805
38936
39067
39117
39265
39293
39380
39433
39482
39489
39630
39732
39763
39774
39795
39869
39883
39895
39917
40001
40002
40003
40005
40011
40306
40393
40400
40457
40489
40513
40614
40628
40712
40732
40754
40812
40834
40951
41123
41142
41250
41281
41318
41342
41345
41348
41398
41442
41551
41632
41773
41794
41795
41808
42001
42035
42127
42158
42251
42276
42322
42449
42452
42559
42560
42575
42590
42632
42675
42679
42685
42735
42906
42990
43000
43002
43018
43027
43103
43139
43143
43212
43231
43242
43425
43654
43690
43734
43823
43868
44004
44101
44119
44200
44380
44410
44431
44479
44505
44541
44616
44628
44704
44711
44965
44981
45038
45050
45136
45164
45220
45226
45413
45438
45463
45602
45624
45697
45777
45864
45960
46034
46069
46115
46171
46182
46310
46372
46418
46436
46593
46813
46992
47012
47029
47119
47197
47267
47348
47372
47448
47567
47581
47595
47624
47634
47700
47777
47806
47850
47858
47860
47966
47969
48009
48067
48083
48127
48153
48167
48356
48434
48619
48631
48648
48682
48783
48813
48925
48966
48967
48973
49002
49048
49132
49166
49169
49170
49172
49173
49179
49189
49190
49191
49196
49197
49201
49202
49203
49204
49211
49213
49216
49228
49232
49235
49241
49275
49302
49352
49372
49398
49452
49498
49500
49519
49520
49521
49522
49597
49603
49678
49751
49762
49765
49803
49927
50016
50019
50040
50101
50189
50198
50202
50205
50224
50246
50258
50277
50356
50513
50529
50545
50576
50577
50585
50692
50733
50787
50809
50815
50831
50833
50834
50835
50836
50849
50854
50887
50903
50945
50997
51011
51020
51037
51067
51118
51139
51233
51234
51235
51240
51300
51343
51351
51366
51423
51460
51484
51485
51488
51515
51582
51658
51771
51772
51800
51809
51906
51909
51961
51965
52000
52001
52002
52003
52025
52046
52071
52173
52225
52226
52230
52237
52262
52391
52477
52506
52573
52665
52675
52893
52948
53085
53178
53189
53212
53240
53319
53361
53370
53460
53469
53491
53633
53639
53656
53690
53742
53782
53827
53852
53910
53958
54075
54101
54127
54235
54263
54276
54321
54323
54514
54551
54605
54658
54688
54722
54741
54873
54907
54987
54991
55000
55183
55187
55227
55312
55350
55382
55400
55426
55479
55527
55556
55568
55569
55579
55635
55652
55684
55721
55758
55773
55781
55901
55907
55910
55948
56016
56055
56259
56293
56507
56535
56591
56668
56681
56723
56725
56810
56822
56827
56973
56975
57020
57103
57123
57325
57335
57347
57350
57352
57387
57398
57479
57576
57678
57681
57702
57730
57733
57891
57896
57923
57928
57988
57999
58072
58107
58109
58164
58252
58305
58310
58374
58430
58446
58456
58468
58498
58562
58570
58610
58622
58634
58699
58721
58908
58970
58991
59087
59107
59122
59149
59160
59191
59239
59340
59499
59504
59509
59510
59525
59565
59684
59778
59810
59829
59841
59987
60000
60002
60003
60055
60086
60111
60177
60227
60243
60279
60377
60401
60403
60485
60492
60504
60544
60579
60612
60621
60628
60713
60728
60743
60753
60782
60783
60789
60794
60989
61159
61169
61170
61402
61473
61516
61616
61617
61669
61722
61734
61827
61851
61942
62006
62042
62080
62188
62312
62519
62570
62674
62866
63105
63156
63423
63675
63803
64080
64127
64320
64438
64507
64551
64726
64727
64890
65048
65311
65488
65514
11
47
66
400
446
509
578
591
635
642
678
706
743
762
769
779
789
809
811
815
817
830
834
844
858
863
914
925
926
935
942
961
965
967
973
979
983
1019
1441
1444
1492
1495
1507
1989
3985
4008
5308
5632
5977
6105
7005
22273
27001
31416
32786
32787
54320
10
12
52
68
75
76
91
101
104
122
158
219
237
440
449
501
510
525
538
577
603
615
620
629
634
649
653
664
665
682
695
707
716
727
733
750
771
798
804
807
810
814
824
828
833
835
847
860
861
889
894
897
899
916
923
946
949
952
958
974
984
985
989
1139
1358
1359
1364
1366
1420
1652
1663
1680
3045
3049
3064
3398
4199
6110
9991
27010
16
28
45
50
92
112
221
230
249
268
300
334
343
353
448
450
456
491
492
507
605
609
627
630
632
638
640
647
651
658
661
663
673
696
702
719
724
735
736
741
745
760
761
791
813
816
819
820
826
831
836
841
850
851
855
866
870
872
875
881
883
906
919
927
929
936
938
941
945
948
950
962
988
1016
1018
1178
1214
1346
1349
1356
1370
1384
1385
1388
1389
1399
1400
1402
1404
1445
1465
1474
1484
1517
1523
1551
1552
1651
1988
1991
2014
2018
2024
2120
2307
2430
3086
3900
4557
4660
5145
5191
5232
5300
5400
5978
6347
6401
6665
7273
7597
8076
9104
27374
14
15
35
40
51
60
69
97
103
137
180
182
194
201
213
214
231
253
262
402
454
505
511
553
560
561
611
622
624
628
633
637
644
654
656
670
675
676
680
681
685
689
692
694
703
704
708
718
721
723
734
751
756
770
788
794
796
797
799
812
821
832
837
854
867
868
869
879
886
891
895
909
933
939
944
947
951
959
960
963
964
968
970
975
991
994
997
1003
1017
1348
1354
1369
1372
1373
1379
1381
1387
1401
1403
1405
1412
1435
1466
1467
1475
1476
1486
1496
1497
1515
1527
1535
1539
1650
1664
1668
1762
1995
1996
1997
2015
2026
2064
3141
3264
3292
3397
4480
4500
5530
6143
6588
6701
7009
8123
8892
9105
9106
9107
11371
13720
14141
18182
18184
27665
47557
29
31
34
38
44
58
71
73
74
93
94
95
114
115
118
120
129
133
136
138
176
177
181
193
196
200
202
204
206
224
233
235
236
260
261
273
276
303
308
315
325
336
350
355
362
397
399
401
403
404
410
412
415
418
422
437
453
462
466
486
493
536
568
601
604
607
608
619
626
645
672
677
686
688
697
698
699
712
717
737
738
746
747
755
759
763
764
774
776
784
785
793
818
827
838
842
848
849
852
853
857
865
871
876
877
882
884
885
887
890
892
907
908
915
920
934
956
957
966
972
978
982
1355
1362
1365
1368
1376
1386
1390
1393
1394
1397
1398
1409
1410
1422
1424
1426
1432
1436
1437
1438
1439
1442
1446
1454
1456
1472
1479
1483
1493
1498
1499
1510
1511
1513
1519
1528
1529
1531
1537
1538
1544
1545
1548
1549
1661
1662
1667
1763
1827
1986
1990
1992
1994
2023
2027
2053
2431
2432
2627
3457
3531
4132
4144
5301
5302
5997
6111
6142
6145
6146
6147
6400
6544
6700
7006
7008
7634
8770
9051
13713
16444
18181
18183
26208
65301
2
8
48
54
56
65
67
72
96
108
116
117
124
128
130
132
141
142
148
149
150
151
162
168
173
174
184
185
189
190
191
192
205
209
216
217
226
228
229
234
238
248
258
265
267
270
271
277
284
288
289
293
294
295
305
316
322
326
329
337
346
351
352
358
360
361
364
369
370
373
380
383
391
392
408
413
414
420
423
428
432
434
435
438
439
451
452
457
460
470
472
473
479
480
485
487
496
516
518
522
526
528
530
533
535
542
552
564
569
570
571
572
582
583
596
598
599
612
613
614
618
643
652
662
739
742
744
752
753
766
767
768
773
775
781
845
893
896
910
932
937
954
955
976
977
986
1360
1361
1363
1367
1371
1374
1383
1391
1395
1396
1407
1408
1411
1416
1418
1419
1423
1427
1429
1430
1440
1448
1449
1451
1453
1457
1458
1459
1462
1464
1469
1470
1473
1480
1482
1488
1491
1502
1505
1508
1509
1518
1532
1540
1541
1542
1543
1670
1671
1672
1987
1993
2016
2019
2028
2108
2564
2766
3421
3984
4133
4672
4987
5193
5303
5490
5713
5714
5717
6141
6548
7326
7464
13701
13714
13715
13718
13721
15151
17007
17300
18187
19150
27002
27003
27005
27007
27009
43188
5
18
39
41
46
61
62
63
64
78
105
107
121
126
131
134
140
145
147
152
153
154
155
156
159
160
164
165
166
167
169
170
171
172
175
178
183
186
187
188
195
197
198
203
207
208
215
218
242
243
244
245
246
247
263
266
269
281
282
283
286
287
309
310
312
313
314
317
318
319
320
321
323
324
344
345
347
348
349
354
356
357
359
363
365
367
368
371
372
374
375
376
377
378
379
381
382
384
385
386
387
390
393
394
395
396
398
405
409
421
424
426
429
430
431
433
436
455
459
461
463
467
468
469
471
474
476
477
478
482
483
484
488
489
490
494
495
498
499
503
504
506
508
517
519
520
521
527
529
531
532
534
537
539
546
547
549
550
551
558
559
562
565
566
567
573
574
575
576
579
580
581
584
585
586
588
589
590
592
594
595
597
650
671
679
693
772
1115
1120
1129
1133
1140
1142
1146
1155
1160
1161
1170
1171
1172
1177
1181
1189
1193
1197
1202
1203
1205
1206
1219
1224
1225
1226
1227
1230
1231
1232
1235
1237
1238
1242
1245
1246
1252
1253
1254
1255
1256
1257
1258
1260
1263
1265
1266
1267
1269
1273
1274
1275
1278
1280
1281
1283
1284
1285
1286
1288
1289
1292
1293
1294
1295
1298
1304
1312
1313
1320
1323
1325
1326
1329
1332
1333
1335
1338
1341
1342
1343
1344
1345
1375
1377
1378
1380
1382
1392
1406
1415
1421
1425
1428
1431
1447
1450
1452
1460
1463
1468
1471
1477
1478
1481
1485
1487
1489
1490
1504
1506
1512
1514
1520
1530
1534
1536
1546
1553
1554
1555
1557
1561
1562
1563
1564
1567
1568
1570
1571
1572
1573
1574
1575
1576
1577
1578
1579
1581
1582
1585
1586
1587
1588
1589
1590
1591
1593
1595
1596
1597
1599
1601
1602
1603
1604
1606
1608
1609
1610
1611
1612
1613
1614
1616
1617
1618
1619
1621
1623
1624
1625
1626
1627
1628
1629
1630
1631
1633
1634
1636
1637
1639
1640
1642
1643
1644
1646
1647
1648
1649
1653
1654
1655
1656
1657
1659
1660
1665
1669
1673
1674
1675
1676
1678
1679
1681
1682
1684
1685
1686
1689
1690
1692
1693
1695
1696
1697
1698
1702
1704
1705
1706
1710
1714
1716
1724
1725
1726
1727
1728
1729
1731
1732
1733
1734
1737
1738
1739
1740
1741
1742
1743
1744
1746
1747
1748
1749
1751
1754
1756
1757
1758
1759
1760
1764
1765
1766
1767
1768
1769
1770
1771
1772
1773
1774
1775
1776
1777
1778
1779
1780
1781
1784
1785
1786
1787
1788
1789
1790
1793
1794
1795
1796
1797
1798
1802
1803
1804
1809
1810
1813
1814
1815
1816
1817
1818
1819
1820
1821
1822
1824
1826
1828
1829
1830
1831
1832
1833
1834
1836
1837
1838
1841
1842
1843
1844
1845
1846
1847
1848
1849
1850
1851
1852
1853
1854
1855
1856
1857
1859
1860
1865
1866
1867
1868
1869
1870
1872
1873
1874
1876
1877
1878
1879
1880
1881
1882
1884
1885
1886
1887
1888
1889
1890
1891
1892
1893
1894
1896
1897
1898
1899
1902
1903
1904
1905
1906
1907
1908
1909
1910
1913
1915
1916
1917
1919
1920
1921
1922
1923
1925
1926
1928
1929
1930
1931
1932
1933
1934
1936
1937
1938
1939
1940
1941
1942
1943
1944
1945
1946
1948
1949
1950
1951
1952
1953
1955
1956
1957
1959
1960
1961
1962
1963
1964
1965
1966
1967
1968
1969
1970
1977
1978
1979
1980
1982
1983
1985
2017
2029
2032
2036
2037
2039
2050
2051
2052
2054
2055
2056
2057
2058
2059
2060
2061
2063
2066
2071
2072
2073
2074
2075
2076
2077
2078
2079
2084
2085
2088
2089
2090
2091
2092
2093
2094
2097
2098
2102
2109
2110
2113
2114
2116
2117
2118
2122
2123
2125
2127
2128
2129
2130
2131
2132
2133
2136
2137
2138
2139
2140
2141
2143
2145
2146
2147
2149
2151
2152
2153
2154
2155
2156
2157
2158
2159
2162
2163
2164
2165
2166
2167
2168
2169
2171
2172
2173
2174
2175
2176
2177
2178
2180
2181
2182
2183
2184
2185
2186
2188
2189
2192
2193
2198
2199
2202
2204
2205
2206
2207
2208
2209
2210
2211
2212
2213
2214
2215
2216
2217
2218
2219
2220
2221
2223
2225
2226
2227
2228
2229
2230
2231
2233
2234
2235
2236
2237
2238
2239
2240
2242
2243
2244
2245
2246
2247
2248
2249
2252
2254
2255
2256
2257
2258
2259
2263
2264
2266
2267
2268
2272
2273
2274
2275
2276
2277
2278
2279
2281
2282
2283
2284
2285
2286
2287
2289
2290
2293
2294
2295
2296
2297
2298
2299
2303
2305
2306
2308
2309
2310
2311
2314
2315
2316
2317
2318
2319
2320
2321
2322
2324
2327
2328
2329
2331
2332
2333
2334
2336
2337
2338
2339
2341
2342
2343
2344
2345
2346
2347
2348
2349
2350
2351
2352
2353
2354
2355
2356
2357
2358
2359
2360
2361
2362
2363
2364
2365
2367
2368
2370
2373
2374
2379
2380
2384
2385
2386
2387
2388
2389
2390
2392
2395
2396
2397
2398
2400
2402
2403
2404
2405
2406
2407
2408
2409
2410
2411
2412
2413
2414
2415
2416
2417
2419
2420
2421
2422
2423
2424
2426
2427
2428
2429
2434
2437
2440
2441
2442
2443
2444
2445
2446
2447
2448
2450
2451
2452
2453
2454
2455
2457
2458
2459
2460
2461
2462
2464
2465
2466
2467
2468
2469
2470
2471
2473
2474
2475
2476
2477
2478
2479
2480
2481
2482
2483
2484
2485
2486
2487
2488
2489
2490
2491
2493
2494
2495
2496
2497
2498
2499
2502
2503
2504
2506
2507
2508
2509
2510
2511
2512
2513
2514
2515
2516
2517
2518
2519
2520
2521
2523
2524
2526
2527
2528
2529
2530
2533
2534
2535
2536
2537
2538
2539
2540
2541
2542
2543
2544
2545
2546
2547
2548
2549
2552
2553
2554
2555
2556
2559
2560
2561
2562
2563
2565
2566
2568
2569
2570
2571
2572
2573
2574
2575
2576
2577
2578
2579
2581
2582
2585
2586
2587
2588
2589
2590
2591
2592
2593
2594
2595
2596
2597
2599
2603
2609
2610
2611
2612
2613
2614
2615
2616
2617
2618
2619
2620
2621
2624
2625
2626
2629
2630
2632
2633
2634
2635
2636
2637
2639
2640
2641
2642
2643
2645
2646
2647
2648
2649
2650
2651
2652
2653
2654
2655
2656
2657
2658
2659
2660
2661
2662
2663
2664
2665
2666
2667
2668
2669
2670
2671
2672
2673
2674
2675
2676
2677
2678
2679
2680
2681
2683
2684
2685
2686
2687
2688
2689
2690
2692
2694
2695
2696
2697
2698
2699
2703
2704
2705
2707
2708
2709
2713
2714
2715
2716
2719
2720
2721
2722
2724
2726
2727
2729
2730
2731
2732
2733
2735
2736
2737
2738
2739
2740
2741
2742
2743
2744
2745
2746
2747
2748
2749
2750
2751
2752
2753
2754
2755
2756
2757
2758
2759
2760
2761
2762
2763
2764
2765
2767
2768
2769
2770
2771
2772
2773
2774
2775
2776
2777
2778
2779
2780
2781
2782
2783
2784
2785
2786
2787
2788
2789
2790
2791
2792
2793
2795
2796
2797
2798
2799
2801
2802
2803
2805
2807
2808
2810
2813
2814
2815
2816
2817
2818
2819
2820
2821
2822
2823
2824
2826
2827
2828
2829
2830
2831
2832
2833
2834
2835
2836
2837
2838
2839
2840
2841
2842
2843
2844
2845
2846
2848
2849
2851
2852
2853
2854
2855
2856
2857
2858
2859
2860
2861
2862
2863
2864
2865
2866
2867
2868
2870
2871
2872
2874
2876
2877
2878
2879
2880
2881
2883
2884
2885
2886
2887
2890
2891
2892
2893
2894
2895
2896
2897
2899
2900
2904
2905
2906
2907
2911
2912
2913
2914
2915
2916
2917
2918
2919
2921
2922
2923
2924
2926
2927
2928
2929
2931
2932
2933
2934
2935
2936
2937
2938
2939
2940
2941
2942
2943
2944
2945
2946
2947
2948
2949
2950
2951
2952
2953
2954
2955
2956
2959
2960
2961
2962
2963
2964
2965
2966
2969
2970
2971
2972
2974
2975
2976
2977
2978
2979
2980
2981
2982
2983
2985
2986
2989
2990
2992
2993
2994
2995
2996
2999
3004
3008
3009
3010
3012
3015
3016
3018
3019
3020
3021
3022
3024
3026
3027
3028
3029
3032
3033
3034
3035
3036
3037
3038
3039
3040
3041
3042
3043
3044
3046
3047
3048
3051
3053
3054
3055
3056
3058
3059
3060
3061
3065
3066
3067
3068
3069
3070
3072
3073
3074
3075
3076
3078
3079
3081
3082
3083
3084
3085
3087
3088
3090
3091
3093
3094
3095
3096
3098
3099
3100
3101
3104
3105
3106
3107
3108
3109
3110
3111
3112
3113
3114
3115
3116
3117
3120
3122
3123
3124
3125
3127
3129
3130
3131
3132
3133
3134
3135
3136
3137
3138
3139
3140
3142
3143
3144
3145
3147
3148
3149
3150
3151
3152
3153
3154
3155
3156
3157
3158
3159
3160
3161
3163
3164
3165
3166
3169
3170
3171
3172
3173
3174
3175
3176
3177
3178
3179
3180
3181
3182
3183
3184
3185
3186
3187
3188
3189
3191
3192
3193
3194
3195
3196
3197
3198
3199
3201
3202
3203
3204
3205
3206
3207
3208
3209
3212
3213
3214
3215
3216
3217
3218
3219
3222
3223
3224
3225
3226
3227
3228
3229
3230
3231
3232
3233
3234
3235
3236
3237
3238
3239
3241
3242
3243
3244
3245
3246
3247
3248
3249
3250
3251
3252
3253
3254
3255
3256
3257
3258
3259
3262
3265
3266
3267
3270
3271
3272
3273
3274
3275
3276
3277
3278
3279
3282
3284
3285
3286
3287
3288
3289
3290
3293
3294
3295
3296
3297
3298
3302
3303
3305
3308
3309
3312
3313
3314
3315
3316
3317
3318
3320
3321
3326
3327
3328
3329
3330
3331
3332
3335
3336
3337
3338
3339
3340
3341
3342
3343
3344
3345
3346
3347
3348
3349
3350
3352
3353
3354
3355
3356
3357
3358
3359
3360
3361
3364
3366
3373
3375
3377
3378
3379
3380
3381
3382
3383
3384
3385
3386
3387
3391
3392
3393
3394
3395
3401
3402
3405
3406
3407
3408
3409
3411
3412
3413
3416
3417
3418
3420
3422
3423
3424
3426
3427
3428
3429
3431
3432
3433
3434
3435
3436
3437
3438
3440
3441
3442
3444
3445
3446
3447
3448
3449
3450
3451
3452
3453
3454
3455
3458
3459
3460
3461
3462
3463
3464
3465
3466
3467
3468
3469
3470
3471
3472
3473
3474
3475
3477
3478
3480
3481
3482
3484
3487
3488
3489
3490
3491
3492
3494
3495
3496
3498
3499
3500
3501
3502
3504
3507
3508
3509
3510
3512
3516
3518
3521
3522
3523
3524
3525
3528
3529
3533
3534
3535
3536
3537
3538
3539
3540
3541
3542
3543
3544
3545
3547
3548
3549
3550
3552
3553
3554
3555
3556
3557
3558
3559
3560
3561
3562
3563
3564
3565
3566
3567
3568
3569
3570
3571
3572
3573
3574
3575
3576
3578
3579
3581
3582
3583
3584
3585
3587
3588
3589
3590
3591
3592
3593
3594
3595
3596
3597
3598
3601
3604
3605
3606
3607
3608
3609
3610
3611
3612
3613
3614
3615
3616
3617
3618
3619
3620
3623
3624
3625
3626
3627
3628
3629
3630
3631
3633
3634
3635
3638
3639
3640
3641
3642
3643
3644
3645
3646
3647
3648
3649
3650
3651
3654
3655
3657
3660
3661
3662
3664
3665
3666
3667
3668
3671
3673
3674
3675
3676
3677
3678
3679
3682
3685
3686
3687
3688
3691
3692
3693
3695
3696
3698
3699
3701
3702
3704
3705
3706
3707
3708
3709
3710
3711
3713
3714
3715
3716
3717
3718
3719
3720
3721
3722
3723
3724
3725
3726
3727
3729
3730
3732
3733
3734
3735
3736
3738
3739
3740
3741
3743
3744
3745
3746
3747
3748
3750
3751
3752
3753
3754
3755
3756
3757
3758
3759
3760
3761
3762
3763
3764
3767
3768
3769
3770
3771
3772
3773
3774
3775
3776
3777
3778
3779
3780
3781
3782
3783
3785
3786
3789
3791
3794
3797
3802
3804
3805
3807
3815
3816
3818
3819
3821
3822
3829
3832
3833
3834
3835
3836
3838
3840
3841
3843
3844
3845
3854
3855
3857
3858
3861
3862
3864
3865
3866
3867
3873
3874
3875
3877
3881
3883
3884
3885
3886
3887
3891
3892
3893
3894
3895
3896
3898
3903
3910
3912
3917
3921
3924
3925
3926
3927
3932
3933
3934
3938
3939
3942
3947
3950
3951
3953
3954
3955
3958
3959
3960
3965
3966
3970
3973
3974
3976
3977
3978
3987
3988
4011
4012
4013
4014
4015
4017
4018
4019
4021
4023
4026
4027
4028
4030
4031
4032
4033
4034
4037
4038
4041
4042
4043
4044
4046
4047
4049
4050
4051
4052
4053
4054
4055
4057
4059
4060
4061
4062
4063
4064
4066
4067
4068
4069
4070
4071
4072
4073
4074
4075
4076
4077
4078
4079
4081
4082
4083
4084
4085
4086
4088
4089
4091
4092
4093
4094
4095
4097
4098
4099
4102
4103
4104
4105
4106
4107
4108
4109
4110
4114
4115
4116
4117
4122
4123
4124
4127
4128
4130
4131
4134
4136
4137
4138
4139
4140
4142
4145
4146
4148
4149
4150
4151
4152
4153
4154
4155
4156
4157
4159
4160
4162
4163
4165
4166
4167
4168
4169
4170
4171
4172
4173
4175
4176
4177
4178
4179
4180
4181
4182
4183
4184
4185
4186
4187
4188
4189
4191
4193
4201
4202
4203
4204
4205
4207
4208
4209
4210
4211
4212
4213
4214
4215
4216
4217
4218
4219
4221
4222
4223
4225
4226
4227
4228
4229
4230
4231
4232
4233
4235
4236
4237
4238
4239
4240
4241
4244
4245
4246
4247
4248
4249
4250
4251
4253
4254
4255
4256
4257
4258
4259
4260
4261
4263
4264
4265
4266
4267
4268
4269
4270
4271
4272
4273
4274
4275
4276
4277
4278
4280
4281
4282
4283
4284
4285
4286
4287
4288
4289
4290
4291
4292
4293
4295
4296
4299
4301
4303
4304
4305
4306
4307
4308
4309
4310
4311
4312
4313
4314
4316
4320
4322
4323
4324
4326
4327
4329
4330
4331
4334
4335
4336
4340
4341
4344
4345
4346
4347
4348
4349
4350
4351
4352
4353
4354
4359
4360
4361
4362
4366
4368
4370
4371
4372
4373
4377
4378
4379
4389
4390
4391
4392
4393
4394
4395
4396
4400
4402
4403
4404
4405
4406
4408
4409
4410
4411
4412
4413
4416
4417
4419
4420
4421
4422
4423
4425
4426
4427
4428
4429
4431
4432
4441
4448
4450
4451
4452
4453
4455
4456
4457
4458
4484
4485
4486
4487
4488
4502
4535
4536
4537
4538
4546
4547
4548
4549
4551
4552
4553
4554
4556
4563
4566
4568
4569
4573
4590
4591
4592
4593
4594
4595
4596
4597
4598
4603
4604
4605
4621
4659
4661
4663
4664
4666
4667
4668
4669
4670
4671
4673
4674
4675
4676
4677
4678
4679
4680
4681
4682
4683
4684
4685
4686
4688
4690
4691
4692
4701
4702
4703
4704
4725
4726
4727
4728
4729
4730
4731
4732
4733
4737
4738
4739
4740
4741
4742
4743
4744
4746
4747
4749
4750
4751
4752
4753
4754
4755
4756
4774
4784
4785
4786
4787
4788
4789
4790
4791
4801
4802
4803
4804
4827
4837
4838
4839
4840
4841
4842
4843
4844
4845
4846
4847
4849
4850
4851
4867
4868
4869
4870
4871
4878
4879
4880
4882
4883
4884
4885
4894
4901
4902
4913
4914
4915
4936
4937
4940
4941
4942
4950
4951
4952
4953
4969
4970
4980
4984
4985
4986
4988
4989
4990
4991
5006
5007
5008
5022
5024
5025
5026
5027
5028
5029
5031
5032
5034
5042
5043
5044
5045
5046
5047
5048
5049
5056
5057
5058
5059
5062
5064
5065
5067
5068
5069
5071
5072
5073
5075
5078
5079
5082
5083
5084
5085
5086
5092
5093
5094
5099
5103
5104
5105
5106
5107
5112
5115
5116
5117
5134
5135
5136
5146
5150
5153
5154
5155
5156
5157
5161
5162
5163
5164
5165
5166
5167
5168
5172
5192
5194
5195
5196
5197
5203
5209
5215
5224
5227
5228
5229
5230
5231
5236
5237
5245
5246
5247
5248
5249
5251
5253
5254
5264
5265
5270
5271
5272
5281
5282
5299
5304
5305
5306
5307
5309
5310
5312
5313
5314
5315
5316
5317
5318
5320
5321
5343
5344
5349
5350
5351
5352
5354
5355
5356
5358
5359
5360
5361
5362
5363
5364
5397
5398
5399
5401
5402
5403
5404
5406
5407
5408
5409
5410
5411
5412
5413
5415
5416
5417
5418
5419
5420
5421
5422
5424
5425
5426
5427
5428
5429
5430
5434
5435
5436
5437
5443
5445
5450
5453
5454
5455
5456
5461
5462
5463
5464
5465
5470
5471
5472
5474
5503
5504
5505
5506
5507
5540
5556
5565
5567
5568
5569
5573
5574
5575
5579
5582
5583
5584
5585
5586
5597
5598
5599
5600
5601
5602
5603
5604
5605
5618
5627
5628
5629
5630
5634
5635
5636
5637
5638
5639
5646
5670
5671
5673
5674
5675
5676
5677
5681
5682
5683
5684
5687
5688
5689
5693
5696
5700
5715
5716
5719
5720
5724
5725
5726
5727
5728
5729
5741
5742
5743
5744
5745
5746
5747
5748
5750
5755
5757
5766
5767
5768
5769
5770
5771
5777
5780
5781
5782
5783
5784
5785
5786
5787
5793
5794
5813
5841
5842
5863
5883
5913
5979
5984
5990
5991
5992
5993
6011
6012
6013
6014
6016
6018
6019
6020
6022
6023
6024
6026
6027
6028
6029
6031
6032
6033
6034
6035
6036
6037
6038
6039
6040
6041
6042
6043
6044
6045
6046
6047
6048
6049
6053
6054
6056
6057
6058
6061
6064
6066
6069
6070
6071
6072
6073
6074
6075
6076
6080
6081
6082
6083
6084
6086
6087
6088
6099
6102
6104
6107
6108
6109
6114
6116
6117
6118
6121
6122
6124
6130
6133
6140
6144
6148
6149
6159
6160
6162
6163
6200
6201
6209
6241
6242
6243
6244
6252
6253
6267
6268
6269
6300
6301
6306
6315
6316
6317
6320
6321
6322
6325
6326
6343
6344
6355
6360
6363
6370
6382
6390
6402
6403
6404
6405
6406
6407
6408
6409
6410
6417
6418
6419
6420
6421
6432
6442
6443
6444
6445
6446
6455
6456
6471
6480
6482
6483
6484
6485
6486
6487
6488
6489
6501
6505
6506
6507
6508
6509
6511
6513
6514
6515
6549
6551
6558
6568
6581
6582
6583
6601
6602
6620
6621
6622
6623
6624
6625
6626
6627
6629
6632
6633
6634
6635
6636
6640
6653
6655
6656
6657
6671
6672
6673
6678
6679
6687
6688
6690
6696
6697
6702
6703
6714
6715
6716
6767
6768
6769
6770
6771
6777
6778
6784
6785
6786
6787
6790
6791
6801
6817
6831
6841
6842
6850
6868
6900
6935
6936
6946
6951
6961
6962
6963
6964
6965
6966
6970
6997
6998
6999
7011
7012
7013
7014
7015
7018
7020
7021
7022
7023
7030
7031
7040
7073
7088
7095
7107
7117
7128
7129
7161
7162
7163
7164
7165
7166
7167
7168
7169
7170
7171
7172
7173
7174
7181
7215
7216
7227
7228
7229
7235
7236
7237
7244
7262
7274
7275
7276
7277
7279
7280
7282
7283
7301
7302
7303
7304
7305
7306
7307
7308
7309
7310
7311
7312
7313
7314
7315
7316
7317
7318
7319
7321
7322
7323
7324
7327
7328
7329
7330
7331
7332
7333
7334
7335
7336
7337
7338
7339
7340
7341
7342
7343
7344
7346
7347
7348
7349
7350
7351
7352
7353
7354
7355
7356
7357
7358
7359
7365
7391
7392
7393
7394
7395
7397
7401
7410
7411
7421
7426
7427
7428
7429
7430
7431
7437
7471
7473
7474
7478
7491
7508
7509
7510
7511
7542
7543
7544
7545
7546
7547
7548
7549
7550
7551
7560
7563
7566
7569
7570
7574
7588
7606
7624
7626
7629
7630
7631
7633
7648
7672
7673
7674
7675
7677
7680
7683
7687
7689
7697
7700
7707
7708
7720
7724
7726
7727
7728
7734
7738
7742
7743
7747
7775
7779
7781
7784
7786
7787
7794
7797
7798
7799
7801
7802
7810
7845
7846
7847
7869
7870
7871
7872
7880
7887
7901
7902
7903
7932
7933
7962
7967
7979
7980
7981
7982
7997
8020
8026
8032
8033
8034
8040
8043
8044
8051
8053
8054
8055
8056
8057
8058
8059
8066
8067
8074
8091
8101
8102
8115
8117
8121
8122
8128
8129
8130
8131
8132
8140
8148
8149
8153
8160
8161
8162
8182
8183
8184
8190
8191
8195
8199
8204
8205
8206
8207
8208
8230
8231
8243
8276
8280
8301
8313
8320
8321
8322
8351
8376
8377
8378
8379
8380
8384
8404
8405
8415
8416
8417
8442
8444
8450
8457
8473
8501
8502
8503
8554
8555
8567
8609
8610
8611
8612
8613
8614
8615
8665
8666
8688
8699
8711
8732
8733
8750
8763
8764
8778
8786
8787
8793
8804
8834
8881
8890
8891
8893
8894
8901
8910
8911
8912
8913
8937
8953
8981
8989
8990
8991
8997
8998
9007
9008
9023
9024
9025
9026
9060
9083
9085
9086
9087
9088
9089
9092
9093
9119
9122
9123
9162
9163
9164
9201
9203
9204
9205
9206
9208
9209
9212
9213
9214
9215
9216
9217
9222
9255
9277
9278
9279
9280
9281
9282
9283
9284
9285
9286
9292
9293
9294
9295
9306
9312
9318
9321
9344
9345
9346
9374
9380
9387
9388
9389
9390
9396
9397
9401
9402
9445
9450
9522
9536
9555
9596
9597
9598
9599
9612
9614
9617
9629
9630
9631
9632
9640
9668
9695
9747
9750
9753
9762
9800
9801
9802
9888
9889
9899
9903
9925
9951
9952
9953
9954
9955
9956
9966
9978
9987
9993
9994
9996
9997
10050
10051
10055
10080
10081
10100
10102
10103
10104
10107
10110
10111
10113
10114
10116
10117
10125
10128
10129
10161
10162
10200
10201
10252
10253
10260
10261
10288
10321
10439
10540
10541
10542
10543
10544
10548
10631
10800
10805
10809
10810
10860
10880
10933
10990
11095
11103
11104
11105
11106
11108
11109
11112
11161
11162
11163
11164
11165
11171
11172
11173
11174
11175
11201
11202
11208
11211
11319
11320
11321
11367
11430
11489
11600
11623
11720
11723
11751
11796
11876
11877
12003
12004
12007
12008
12010
12012
12013
12109
12168
12172
12300
12302
12321
12322
12753
13160
13216
13217
13218
13223
13224
13400
13702
13705
13706
13708
13709
13710
13711
13712
13716
13717
13785
13786
13818
13819
13820
13821
13822
13823
13882
13894
13929
13930
14002
14033
14034
14142
14143
14145
14149
14150
14154
14250
14414
14500
14936
14937
15118
15126
15345
15363
15555
15740
15998
15999
16002
16003
16020
16021
16162
16309
16310
16311
16360
16361
16367
16368
16384
16385
16619
16665
16666
16789
16950
16959
16991
16994
16995
17184
17185
17219
17220
17221
17222
17223
17224
17225
17234
17235
17555
17729
17754
17755
17756
17777
18104
18136
18185
18186
18241
18242
18243
18262
18463
18634
18635
18668
18769
18881
18888
19000
19007
19020
19191
19194
19220
19398
19410
19411
19412
19539
19540
19541
19788
19998
19999
20003
20012
20013
20014
20034
20046
20048
20049
20057
20167
20202
20480
20670
20999
21000
21010
21553
21554
21590
21800
21845
21846
21847
21848
21849
22000
22001
22002
22003
22004
22005
22289
22305
22321
22335
22343
22347
22351
22370
22537
22763
22800
22951
23000
23001
23002
23003
23004
23005
23053
23272
23294
23333
23400
23401
23402
23456
23457
23546
24000
24001
24002
24003
24004
24005
24006
24242
24249
24321
24322
24386
24465
24577
24666
24676
24677
24678
24680
24754
24850
24922
25002
25003
25004
25005
25006
25007
25008
25009
25471
25576
25604
25793
25900
25901
25902
25903
25954
25955
26133
26257
26260
26261
26262
26263
26486
26487
26489
27004
27006
27008
27345
27442
27504
27782
27876
27999
28000
28001
28119
28200
28240
28589
29167
29999
30002
30003
30004
30100
30260
30832
30999
31016
31020
31029
31400
31457
31620
31685
31765
31948
31949
32034
32249
32400
32483
32635
32636
32801
32811
32896
33060
33123
33331
33333
33334
33434
33656
34249
34378
34379
34567
34962
34963
34964
34980
35000
35001
35002
35003
35004
35005
35006
35100
35354
35355
35356
35357
36001
36411
36423
36424
36443
36444
36462
36524
36602
36700
36865
37475
37483
37601
37654
38000
38001
38002
38201
38202
38203
38800
38865
39681
40023
40404
40841
40842
40843
40853
41111
41121
41230
41796
41797
42508
42509
43189
43190
43191
43210
43439
43440
43441
44123
44321
44322
44323
44444
44544
44553
44600
44818
44900
45000
45001
45002
45045
45054
45514
45678
45824
45825
45966
46336
46998
46999
47000
47001
47100
47808
47809
48000
48001
48002
48003
48004
48005
48049
48050
48128
48129
48556
48653
49000
61439
61440
61441
